25.977334278536624
24.584873554016724
23.42807313607564
22.495509696984744
21.766865121021855
21.215618519136793
20.812122467986338
20.526526277216135
20.33112874630293
20.201935067853398
20.11939200764161
20.068429585426593
20.03802025201373
20.020479607612433
20.010696164897844
20.005417829768863
20.00266211673904
20.001269304979864
20.000587476354323
20.000264034973785
20.000115279078948
20.000048914401464
20.000020179266322
20.00000809740397
20.00000316191552
20.000001202022325
20.00000044506867
20.000000160578814
20.000000056479553
20.000000019374678
20.000000006485283
20.000000002119563
20.00000000067712
20.00000000021198
20.000000000065636
20.000000000020414
20.000000000006505
20
20
20
20
20
20
20
20
20
20
20
20
20
