2.826804787762563365e+01
2.688338858517862917e+01
2.565854450782659057e+01
2.459098618977016315e+01
2.367463652902662830e+01
2.290035679847606431e+01
2.225658628864924538e+01
2.173007191278425054e+01
2.130662062406120327e+01
2.097181235138522126e+01
2.071162281179131881e+01
2.051292156493213881e+01
2.036382824954213788e+01
2.025392647924448397e+01
2.017434837283067139e+01
2.011775198219693195e+01
2.007821865419647978e+01
2.005109804572205690e+01
2.003282602157683456e+01
2.002073614162585713e+01
2.001288000839661763e+01
2.000786632901832363e+01
2.000472379593963623e+01
2.000278916409878249e+01
2.000161929845701181e+01
2.000092440083114909e+01
2.000051890679382893e+01
2.000028643953675456e+01
2.000015549403484272e+01
2.000008301518716536e+01
2.000004359064529424e+01
2.000002251399531517e+01
2.000001143850922958e+01
2.000000571715722586e+01
2.000000281140206226e+01
2.000000136031015430e+01
2.000000064768927999e+01
2.000000030349552915e+01
2.000000013997129500e+01
2.000000006354364857e+01
2.000000002839867719e+01
2.000000001249580706e+01
2.000000000541401235e+01
2.000000000231001351e+01
2.000000000097078612e+01
2.000000000040200021e+01
2.000000000016439472e+01
2.000000000006729906e+01
2.000000000002994938e+01
2.000000000002027178e+01
