Time:     0.00 s | Temps: [20.0, 20.0, 20.0, 20.0, 20.0, 20.0, 20.0, 20.0, 20.0, 20.0, 20.0, 20.0, 20.0, 20.0, 20.0, 20.0, 20.0, 20.0, 20.0, 20.0]
Time:    29.52 s | Temps: [35.49, 32.31, 29.58, 27.29, 25.41, 23.93, 22.77, 21.91, 21.28, 20.83, 20.52, 20.32, 20.19, 20.11, 20.06, 20.03, 20.02, 20.01, 20.0, 20.0]
Time:    59.04 s | Temps: [40.53, 37.53, 34.81, 32.38, 30.24, 28.36, 26.75, 25.38, 24.24, 23.3, 22.53, 21.91, 21.43, 21.06, 20.77, 20.56, 20.41, 20.32, 20.26, 20.24]
Time:    88.56 s | Temps: [43.97, 41.12, 38.48, 36.05, 33.84, 31.85, 30.06, 28.48, 27.09, 25.88, 24.85, 23.96, 23.22, 22.61, 22.12, 21.73, 21.44, 21.23, 21.11, 21.06]
Time:   118.08 s | Temps: [46.63, 43.9, 41.34, 38.95, 36.74, 34.71, 32.86, 31.18, 29.66, 28.32, 27.13, 26.09, 25.2, 24.44, 23.81, 23.3, 22.91, 22.63, 22.45, 22.37]
Time:   147.60 s | Temps: [48.83, 46.2, 43.72, 41.38, 39.2, 37.17, 35.3, 33.58, 32.01, 30.6, 29.33, 28.21, 27.23, 26.39, 25.68, 25.09, 24.64, 24.3, 24.09, 23.99]
Time:   177.11 s | Temps: [50.72, 48.19, 45.78, 43.5, 41.36, 39.36, 37.49, 35.77, 34.18, 32.74, 31.44, 30.28, 29.25, 28.36, 27.61, 26.98, 26.49, 26.12, 25.87, 25.75]
Time:   206.63 s | Temps: [52.42, 49.97, 47.63, 45.41, 43.32, 41.35, 39.51, 37.8, 36.22, 34.78, 33.47, 32.29, 31.24, 30.33, 29.55, 28.9, 28.38, 27.99, 27.72, 27.58]
Time:   236.15 s | Temps: [53.96, 51.59, 49.32, 47.17, 45.12, 43.2, 41.39, 39.71, 38.15, 36.71, 35.41, 34.23, 33.18, 32.26, 31.47, 30.81, 30.27, 29.86, 29.57, 29.41]
Time:   265.67 s | Temps: [55.4, 53.1, 50.9, 48.8, 46.81, 44.93, 43.16, 41.51, 39.98, 38.57, 37.27, 36.11, 35.06, 34.14, 33.35, 32.68, 32.13, 31.7, 31.4, 31.23]
Time:   295.19 s | Temps: [56.76, 54.53, 52.39, 50.35, 48.41, 46.57, 44.85, 43.23, 41.73, 40.34, 39.07, 37.91, 36.88, 35.96, 35.17, 34.49, 33.94, 33.51, 33.19, 33.0]
