2.597733427853662391e+01
2.458487355401672403e+01
2.342807313607563913e+01
2.249550969698474390e+01
2.176686512102185489e+01
2.121561851913679320e+01
2.081212246798633814e+01
2.052652627721613499e+01
2.033112874630293021e+01
2.020193506785339821e+01
2.011939200764161129e+01
2.006842958542659261e+01
2.003802025201373027e+01
2.002047960761243317e+01
2.001069616489784408e+01
2.000541782976886296e+01
2.000266211673903882e+01
2.000126930497986422e+01
2.000058747635432255e+01
2.000026403497378524e+01
2.000011527907894759e+01
2.000004891440146437e+01
2.000002017926632192e+01
2.000000809740397045e+01
2.000000316191551875e+01
2.000000120202232523e+01
2.000000044506867170e+01
2.000000016057881425e+01
2.000000005647955348e+01
2.000000001937467786e+01
2.000000000648528342e+01
2.000000000211956319e+01
2.000000000067711881e+01
2.000000000021197977e+01
2.000000000006563639e+01
2.000000000002041389e+01
2.000000000000650502e+01
2.000000000000000000e+01
2.000000000000000000e+01
2.000000000000000000e+01
2.000000000000000000e+01
2.000000000000000000e+01
2.000000000000000000e+01
2.000000000000000000e+01
2.000000000000000000e+01
2.000000000000000000e+01
2.000000000000000000e+01
2.000000000000000000e+01
2.000000000000000000e+01
2.000000000000000000e+01
